[UserStats]
s1_AllTimeDepth = 0.000000
s2_HasTank = 0.000000
s3_FeedbackSubmit = 0.000000